dataset: CIFAR10
input_shape: [3, 32, 32]
num_classes: 10
mean: [0.49139968, 0.48215827 ,0.44653124]
std: [0.24703233, 0.24348505, 0.26158768]